header: 
  seq: 145
  stamp: 
    secs: 1556781187
    nsecs: 635021247
  frame_id: "map"
height: 1
width: 86
fields: 
  - 
    name: "x"
    offset: 0
    datatype: 7
    count: 1
  - 
    name: "y"
    offset: 4
    datatype: 7
    count: 1
  - 
    name: "z"
    offset: 8
    datatype: 7
    count: 1
is_bigendian: False
point_step: 16
row_step: 1376
data: [51, 51, 243, 62, 51, 51, 51, 62, 0, 0, 0, 62, 0, 0, 128, 63, 102, 102, 6, 63, 51, 51, 51, 62, 0, 0, 0, 62, 0, 
    0, 128, 63, 0, 0, 32, 63, 51, 51, 51, 62, 51, 51, 51, 62, 0, 0, 128, 63, 0, 0, 32, 63, 102, 102, 102, 62, 51, 51, 51, 
    62, 0, 0, 128, 63, 102, 102, 6, 63, 0, 0, 0, 62, 205, 204, 140, 62, 0, 0, 128, 63, 51, 51, 19, 63, 0, 0, 0, 62, 205,
    204, 140, 62, 0, 0, 128, 63, 51, 51, 19, 63, 51, 51, 51, 62, 205, 204, 140, 62, 0, 0, 128, 63, 205, 204, 108, 63, 205, 
    204, 140, 62, 0, 0, 0, 62, 0, 0, 128, 63, 205, 204, 108, 63, 205, 204, 140, 62, 51, 51, 51, 62, 0, 0, 128, 63, 205, 204, 
    108, 63, 102, 102, 166, 62, 0, 0, 0, 62, 0, 0, 128, 63, 205, 204, 108, 63, 0, 0, 192, 62, 0, 0, 0, 62, 0, 0, 128, 63, 205, 
    204, 108, 63, 102, 102, 166, 62, 51, 51, 51, 62, 0, 0, 128, 63, 205, 204, 108, 63, 0, 0, 192, 62, 51, 51, 51, 62, 0, 0,
    128, 63, 205, 204, 108, 63, 154, 153, 217, 62, 0, 0, 0, 62, 0, 0, 128, 63, 205, 204, 108, 63, 51, 51, 243, 62, 0, 0, 0, 
    62, 0, 0, 128, 63, 205, 204, 108, 63, 154, 153, 217, 62, 51, 51, 51, 62, 0, 0, 128, 63, 205, 204, 108, 63, 51, 51, 243, 
    62, 51, 51, 51, 62, 0, 0, 128, 63, 154, 153, 169, 63, 51, 51, 243, 62, 102, 102, 102, 62, 0, 0, 128, 63, 0, 0, 176, 63, 
    51, 51, 243, 62, 102, 102, 102, 62, 0, 0, 128, 63, 0, 0, 176, 63, 51, 51, 243, 62, 205, 204, 140, 62, 0, 0, 128, 63, 0, 
    0, 176, 63, 102, 102, 6, 63, 102, 102, 102, 62, 0, 0, 128, 63, 0, 0, 176, 63, 102, 102, 6, 63, 205, 204, 140, 62, 0, 0, 
    128, 63, 102, 102, 182, 63, 102, 102, 6, 63, 102, 102, 102, 62, 0, 0, 128, 63, 102, 102, 182, 63, 102, 102, 6, 63, 205,
    204, 140, 62, 0, 0, 128, 63, 102, 102, 182, 63, 51, 51, 19, 63, 205, 204, 140, 62, 0, 0, 128, 63, 205, 204, 220, 63, 
    0, 0, 32, 63, 102, 102, 6, 63, 0, 0, 128, 63, 205, 204, 220, 63, 205, 204, 44, 63, 102, 102, 6, 63, 0, 0, 128, 63, 51, 
    51, 227, 63, 205, 204, 44, 63, 102, 102, 6, 63, 0, 0, 128, 63, 51, 51, 227, 63, 0, 0, 32, 63, 51, 51, 19, 63, 0, 0, 
    128, 63, 205, 204, 220, 63, 205, 204, 44, 63, 51, 51, 19, 63, 0, 0, 128, 63, 51, 51, 227, 63, 205, 204, 44, 63, 51, 
    51, 19, 63, 0, 0, 128, 63, 51, 51, 227, 63, 154, 153, 57, 63, 102, 102, 6, 63, 0, 0, 128, 63, 51, 51, 227, 63, 154,
    153, 57, 63, 51, 51, 19, 63, 0, 0, 128, 63, 154, 153, 233, 63, 205, 204, 44, 63, 102, 102, 6, 63, 0, 0, 128, 63, 0, 
    0, 240, 63, 205, 204, 44, 63, 102, 102, 6, 63, 0, 0, 128, 63, 154, 153, 233, 63, 205, 204, 44, 63, 51, 51, 19, 63, 0,
    0, 128, 63, 0, 0, 240, 63, 205, 204, 44, 63, 51, 51, 19, 63, 0, 0, 128, 63, 154, 153, 233, 63, 154, 153, 57, 63, 102,
    102, 6, 63, 0, 0, 128, 63, 154, 153, 233, 63, 154, 153, 57, 63, 51, 51, 19, 63, 0, 0, 128, 63, 0, 0, 56, 64, 205, 
    204, 188, 63, 51, 51, 163, 63, 0, 0, 128, 63, 102, 102, 62, 64, 102, 102, 182, 63, 205, 204, 156, 63, 0, 0, 128, 63, 
    102, 102, 62, 64, 205, 204, 188, 63, 205, 204, 156, 63, 0, 0, 128, 63, 102, 102, 62, 64, 102, 102, 182, 63, 51, 51,
    163, 63, 0, 0, 128, 63, 102, 102, 62, 64, 205, 204, 188, 63, 51, 51, 163, 63, 0, 0, 128, 63, 102, 102, 62, 64, 51, 
    51, 195, 63, 51, 51, 163, 63, 0, 0, 128, 63, 102, 102, 62, 64, 51, 51, 195, 63, 154, 153, 169, 63, 0, 0, 128, 63, 
    154, 153, 65, 64, 205, 204, 188, 63, 205, 204, 156, 63, 0, 0, 128, 63, 154, 153, 65, 64, 205, 204, 188, 63, 51, 51, 
    163, 63, 0, 0, 128, 63, 154, 153, 65, 64, 51, 51, 195, 63, 51, 51, 163, 63, 0, 0, 128, 63, 205, 204, 68, 64, 51, 51, 
    195, 63, 51, 51, 163, 63, 0, 0, 128, 63, 0, 0, 72, 64, 51, 51, 195, 63, 51, 51, 163, 63, 0, 0, 128, 63, 51, 51, 75, 
    64, 51, 51, 195, 63, 51, 51, 163, 63, 0, 0, 128, 63, 51, 51, 75, 64, 154, 153, 201, 63, 51, 51, 163, 63, 0, 0, 128, 63, 
    154, 153, 65, 64, 51, 51, 195, 63, 154, 153, 169, 63, 0, 0, 128, 63, 205, 204, 68, 64, 51, 51, 195, 63, 154, 153, 169, 
    63, 0, 0, 128, 63, 154, 153, 65, 64, 154, 153, 201, 63, 154, 153, 169, 63, 0, 0, 128, 63, 205, 204, 68, 64, 154, 153, 
    201, 63, 154, 153, 169, 63, 0, 0, 128, 63, 0, 0, 72, 64, 51, 51, 195, 63, 154, 153, 169, 63, 0, 0, 128, 63, 0, 0, 72, 
    64, 154, 153, 201, 63, 154, 153, 169, 63, 0, 0, 128, 63, 51, 51, 75, 64, 154, 153, 201, 63, 154, 153, 169, 63, 0, 0, 
    128, 63, 51, 51, 75, 64, 102, 102, 214, 63, 51, 51, 163, 63, 0, 0, 128, 63, 0, 0, 72, 64, 0, 0, 208, 63, 154, 153, 169, 
    63, 0, 0, 128, 63, 51, 51, 75, 64, 0, 0, 208, 63, 0, 0, 176, 63, 0, 0, 128, 63, 154, 153, 81, 64, 102, 102, 214, 63, 51, 
    51, 163, 63, 0, 0, 128, 63, 154, 153, 81, 64, 205, 204, 220, 63, 51, 51, 163, 63, 0, 0, 128, 63, 205, 204, 84, 64, 205, 
    204, 220, 63, 51, 51, 163, 63, 0, 0, 128, 63, 102, 102, 78, 64, 0, 0, 208, 63, 154, 153, 169, 63, 0, 0, 128, 63, 102, 102, 
    78, 64, 102, 102, 214, 63, 154, 153, 169, 63, 0, 0, 128, 63, 154, 153, 81, 64, 102, 102, 214, 63, 154, 153, 169, 63, 0, 
    0, 128, 63, 102, 102, 78, 64, 0, 0, 208, 63, 0, 0, 176, 63, 0, 0, 128, 63, 154, 153, 81, 64, 0, 0, 208, 63, 0, 0, 176, 
    63, 0, 0, 128, 63, 102, 102, 78, 64, 102, 102, 214, 63, 0, 0, 176, 63, 0, 0, 128, 63, 154, 153, 81, 64, 102, 102, 214, 
    63, 0, 0, 176, 63, 0, 0, 128, 63, 205, 204, 84, 64, 102, 102, 214, 63, 154, 153, 169, 63, 0, 0, 128, 63, 205, 204, 84, 
    64, 102, 102, 214, 63, 0, 0, 176, 63, 0, 0, 128, 63, 154, 153, 81, 64, 205, 204, 220, 63, 154, 153, 169, 63, 0, 0, 128, 
    63, 205, 204, 84, 64, 205, 204, 220, 63, 154, 153, 169, 63, 0, 0, 128, 63, 0, 0, 88, 64, 51, 51, 227, 63, 154, 153, 169, 
    63, 0, 0, 128, 63, 205, 204, 84, 64, 205, 204, 220, 63, 0, 0, 176, 63, 0, 0, 128, 63, 0, 0, 88, 64, 205, 204, 220, 63, 0,
    0, 176, 63, 0, 0, 128, 63, 51, 51, 91, 64, 51, 51, 227, 63, 0, 0, 176, 63, 0, 0, 128, 63, 154, 153, 81, 64, 102, 102, 
    214, 63, 102, 102, 182, 63, 0, 0, 128, 63, 205, 204, 84, 64, 102, 102, 214, 63, 102, 102, 182, 63, 0, 0, 128, 63, 205, 
    204, 84, 64, 205, 204, 220, 63, 102, 102, 182, 63, 0, 0, 128, 63, 0, 0, 88, 64, 205, 204, 220, 63, 102, 102, 182, 63, 
    0, 0, 128, 63, 51, 51, 91, 64, 51, 51, 227, 63, 102, 102, 182, 63, 0, 0, 128, 63]
is_dense: True
---

[ INFO] [1556953578.803688404]: x: [-920230230] y: [0]  z: [-936271184]
[ INFO] [1556953578.803707116]: x: [-920230230] y: [0]  z: [-936271184]
[ INFO] [1556953578.803722523]: x: [-920230230] y: [0]  z: [-936271184]
[ INFO] [1556953578.803736313]: x: [-920230230] y: [0]  z: [-936271184]
[ INFO] [1556953578.803747978]: x: [-920230230] y: [0]  z: [-936271184]
[ INFO] [1556953578.803759217]: x: [-920230230] y: [0]  z: [-936271184]
[ INFO] [1556953578.803774183]: x: [-920230230] y: [0]  z: [-936271184]
[ INFO] [1556953578.803792555]: x: [-920230230] y: [0]  z: [-936271184]
[ INFO] [1556953578.803804046]: x: [-920230230] y: [0]  z: [-936271184]
[ INFO] [1556953578.803817415]: x: [-920230230] y: [0]  z: [-936271184]
[ INFO] [1556953578.803830427]: x: [-920230230] y: [0]  z: [-936271184]
[ INFO] [1556953578.803843833]: x: [-920230230] y: [0]  z: [-936271184]
[ INFO] [1556953578.803858983]: x: [-920230230] y: [0]  z: [-936271184]
[ INFO] [1556953578.803873726]: x: [-920230230] y: [0]  z: [-936271184]
[ INFO] [1556953578.803888359]: x: [-920230230] y: [0]  z: [-936271184]
[ INFO] [1556953578.803905191]: x: [-920230230] y: [0]  z: [-936271184]
[ INFO] [1556953578.803917250]: x: [-920230230] y: [0]  z: [-936271184]
[ INFO] [1556953578.803928350]: x: [-920230230] y: [0]  z: [-936271184]
[ INFO] [1556953578.803940021]: x: [-920230230] y: [0]  z: [-936271184]
[ INFO] [1556953578.803953329]: x: [-920230230] y: [0]  z: [-936271184]
[ INFO] [1556953578.803966175]: x: [-920230230] y: [0]  z: [-936271184]
[ INFO] [1556953578.803981413]: x: [-920230230] y: [0]  z: [-936271184]
[ INFO] [1556953578.803995732]: x: [-920230230] y: [0]  z: [-936271184]
[ INFO] [1556953578.804010161]: x: [-920230230] y: [0]  z: [-936271184]
[ INFO] [1556953578.804023789]: x: [-920230230] y: [0]  z: [-936271184]
[ INFO] [1556953578.804041299]: x: [-920230230] y: [0]  z: [-936271184]
[ INFO] [1556953578.804054889]: x: [-920230230] y: [0]  z: [-936271184]
[ INFO] [1556953578.804068765]: x: [-920230230] y: [0]  z: [-936271184]
[ INFO] [1556953578.804083146]: x: [-920230230] y: [0]  z: [-936271184]


header: 
  seq: 41
  stamp: 
    secs: 1556982994
    nsecs: 885150909
  frame_id: "odom"
height: 1
width: 4
fields: 
  - 
    name: "x"
    offset: 0
    datatype: 7
    count: 1
  - 
    name: "y"
    offset: 4
    datatype: 7
    count: 1
  - 
    name: "z"
    offset: 8
    datatype: 7
    count: 1
  - 
    name: "rgb"
    offset: 12
    datatype: 7
    count: 1
is_bigendian: False
point_step: 16
row_step: 64
data:  [  0, 0, 128, 63, 0, 0, 128, 63, 0, 0, 128, 63, 0, 0, 128, 79, 
          0, 0, 0, 64, 0, 0, 0, 64, 0, 0, 0, 64, 0, 0, 128, 79,
          0, 0, 64, 64, 0, 0, 64, 64, 0, 0, 64, 64, 0, 0, 128, 79,
          0, 0, 128, 64, 0, 0, 128, 64, 0, 0, 128, 64, 0, 0, 128, 79]
is_dense: False